2521009
2521009
2521009
2521009
427002
427002
427002
427002
76002
76002
76002
76002
2109001
2109001
2109001
2109001
1478006
1478006
1478006
1478006
1479001
1479001
1479001
1479001
1195001
1195001
1195001
1195001
88003
88003
88003
88003
1996002
1996002
1996002
1996002
749004
749004
749004
749004
2493003
2493003
2493003
2493003
1524001
1524001
1524001
1524001
26005
26005
26005
26005
1082001
1082001
1082001
1082001
1963002
1963002
1963002
1963002
1052001
1052001
1052001
1052001
748009
748009
748009
748009
307003
307003
307003
307003
2049002
2049002
2049002
2049002
11006
11006
11006
11006
840004
840004
840004
840004
75005
75005
75005
75005
81001
81001
81001
81001
2327008
2327008
2327008
2327008
1825001
1825001
1825001
1825001
718027
718027
718027
718027
488001
488001
488001
488001
1155001
1155001
1155001
1155001
1027001
1027001
1027001
1027001
566001
566001
566001
566001
2495002
2495002
2495002
2495002
718013
718013
718013
718013
1452003
1452003
1452003
1452003
88001
88001
88001
88001
55002
55002
55002
55002
184001
184001
184001
184001
1920001
1920001
1920001
1920001
720001
720001
720001
720001
2162001
2162001
2162001
2162001
1538001
1538001
1538001
1538001
966001
966001
966001
966001
341001
341001
341001
341001
37002
37002
37002
37002
1765001
1765001
1765001
1765001
1594001
1594001
1594001
1594001
791003
791003
791003
791003
2253001
2253001
2253001
2253001
787001
787001
787001
787001
2503001
2503001
2503001
2503001
1119004
1119004
1119004
1119004
1600001
1600001
1600001
1600001
2528001
2528001
2528001
2528001
382003
382003
382003
382003
410008
410008
410008
410008
992001
992001
992001
992001
2050002
2050002
2050002
2050002
48020
48020
48020
48020
2071001
2071001
2071001
2071001
1169001
1169001
1169001
1169001
550001
550001
550001
550001
2055001
2055001
2055001
2055001
902001
902001
902001
902001
2507001
2507001
2507001
2507001
2518001
2518001
2518001
2518001
902002
902002
902002
902002
2481001
2481001
2481001
2481001
1141001
1141001
1141001
1141001
463004
463004
463004
463004
2506001
2506001
2506001
2506001
997004
997004
997004
997004
863001
863001
863001
863001
2510001
2510001
2510001
2510001
707001
707001
707001
707001
721001
721001
721001
721001
851001
851001
851001
851001
2312001
2312001
2312001
2312001
1304001
1304001
1304001
1304001
53001
53001
53001
53001
1026006
1026006
1026006
1026006
621001
621001
621001
621001
63001
63001
63001
63001
492001
492001
492001
492001
1527001
1527001
1527001
1527001
776001
776001
776001
776001
1045001
1045001
1045001
1045001
2484001
2484001
2484001
2484001
2042001
2042001
2042001
2042001
1594005
1594005
1594005
1594005
249001
249001
249001
249001
1149001
1149001
1149001
1149001
1339001
1339001
1339001
1339001
2334001
2334001
2334001
2334001
2496001
2496001
2496001
2496001
2498001
2498001
2498001
2498001
990001
990001
990001
990001
1262001
1262001
1262001
1262001
1201007
1201007
1201007
1201007
1747001
1747001
1747001
1747001
1401001
1401001
1401001
1401001
1544001
1544001
1544001
1544001
806001
806001
806001
806001
1104001
1104001
1104001
1104001
753004
753004
753004
753004
2483001
2483001
2483001
2483001
1141003
1141003
1141003
1141003
1863001
1863001
1863001
1863001
2171002
2171002
2171002
2171002
931002
931002
931002
931002
765002
765002
765002
765002
862001
862001
862001
862001
948036
948036
948036
948036
904001
904001
904001
904001
2490001
2490001
2490001
2490001
48023
48023
48023
48023
111001
111001
111001
111001
91001
91001
91001
91001
753001
753001
753001
753001
91003
91003
91003
91003
2495001
2495001
2495001
2495001
803001
803001
803001
803001
973003
973003
973003
973003
775007
775007
775007
775007
949005
949005
949005
949005
1880001
1880001
1880001
1880001
1054001
1054001
1054001
1054001
659001
659001
659001
659001
626001
626001
626001
626001
2493001
2493001
2493001
2493001
869001
869001
869001
869001
133025
133025
133025
133025
27002
27002
27002
27002
1048004
1048004
1048004
1048004
1590001
1590001
1590001
1590001
986001
986001
986001
986001
2317001
2317001
2317001
2317001
624001
624001
624001
624001
999001
999001
999001
999001
250010
250010
250010
250010
1488004
1488004
1488004
1488004
771001
771001
771001
771001
754001
754001
754001
754001
797001
797001
797001
797001
2086001
2086001
2086001
2086001
1285001
1285001
1285001
1285001
2505001
2505001
2505001
2505001
2879007
2879007
2879007
2879007
543014
543014
543014
543014
870001
870001
870001
870001
365001
365001
365001
365001
913003
913003
913003
913003
2508001
2508001
2508001
2508001
752001
752001
752001
752001
812001
812001
812001
812001
1841001
1841001
1841001
1841001
823001
823001
823001
823001
1951004
1951004
1951004
1951004
633001
633001
633001
633001
5001
5001
5001
5001
1428001
1428001
1428001
1428001
1870001
1870001
1870001
1870001
984001
984001
984001
984001
850001
850001
850001
850001
1499001
1499001
1499001
1499001
980001
980001
980001
980001
1456001
1456001
1456001
1456001
387001
387001
387001
387001
26001
26001
26001
26001
83001
83001
83001
83001
200003
200003
200003
200003
340001
340001
340001
340001
518027
518027
518027
518027
628001
628001
628001
628001
965003
965003
965003
965003
1512001
1512001
1512001
1512001
1616001
1616001
1616001
1616001
2010003
2010003
2010003
2010003
1427001
1427001
1427001
1427001
423001
423001
423001
423001
1501001
1501001
1501001
1501001
1500001
1500001
1500001
1500001
123001
123001
123001
123001
348008
348008
348008
348008
6005
6005
6005
6005
1526006
1526006
1526006
1526006
2340001
2340001
2340001
2340001
2501001
2501001
2501001
2501001
163001
163001
163001
163001
218001
218001
218001
218001
2025001
2025001
2025001
2025001
672001
672001
672001
672001
2515001
2515001
2515001
2515001
749003
749003
749003
749003
1248001
1248001
1248001
1248001
1658005
1658005
1658005
1658005
1011001
1011001
1011001
1011001
2504003
2504003
2504003
2504003
1971001
1971001
1971001
1971001
184004
184004
184004
184004
1503001
1503001
1503001
1503001
978005
978005
978005
978005
132006
132006
132006
132006
1498001
1498001
1498001
1498001
193001
193001
193001
193001
1070005
1070005
1070005
1070005
191001
191001
191001
191001
1139013
1139013
1139013
1139013
333001
333001
333001
333001
2772028
2772028
2772028
2772028
201001
201001
201001
201001
1437001
1437001
1437001
1437001
1166001
1166001
1166001
1166001
2486001
2486001
2486001
2486001
1425001
1425001
1425001
1425001
2340007
2340007
2340007
2340007
190001
190001
190001
190001
1096001
1096001
1096001
1096001
1438001
1438001
1438001
1438001
520001
520001
520001
520001
136008
136008
136008
136008
1436001
1436001
1436001
1436001
1474001
1474001
1474001
1474001
134001
134001
134001
134001
1196001
1196001
1196001
1196001
1438004
1438004
1438004
1438004
174001
174001
174001
174001
1467001
1467001
1467001
1467001
876001
876001
876001
876001
82001
82001
82001
82001
296001
296001
296001
296001
1424001
1424001
1424001
1424001
41001
41001
41001
41001
1146001
1146001
1146001
1146001
1474005
1474005
1474005
1474005
1172001
1172001
1172001
1172001
113001
113001
113001
113001
546001
546001
546001
546001
141001
141001
141001
141001
683003
683003
683003
683003
205001
205001
205001
205001
1254001
1254001
1254001
1254001
116001
116001
116001
116001
173001
173001
173001
173001
1361002
1361002
1361002
1361002
673001
673001
673001
673001
52001
52001
52001
52001
1859001
1859001
1859001
1859001
2477005
2477005
2477005
2477005
2524002
2524002
2524002
2524002
2516001
2516001
2516001
2516001
908001
908001
908001
908001
1154001
1154001
1154001
1154001
86009
86009
86009
86009
1943001
1943001
1943001
1943001
533001
533001
533001
533001
2488001
2488001
2488001
2488001
343001
343001
343001
343001
875001
875001
875001
875001
1316001
1316001
1316001
1316001
1171001
1171001
1171001
1171001
724001
724001
724001
724001
1144001
1144001
1144001
1144001
1184001
1184001
1184001
1184001
958001
958001
958001
958001
2478001
2478001
2478001
2478001
84006
84006
84006
84006
2003001
2003001
2003001
2003001
1068001
1068001
1068001
1068001
2009001
2009001
2009001
2009001
86015
86015
86015
86015
937001
937001
937001
937001
587001
587001
587001
587001
2530002
2530002
2530002
2530002
70001
70001
70001
70001
808001
808001
808001
808001
592001
592001
592001
592001
2476007
2476007
2476007
2476007
877001
877001
877001
877001
1394003
1394003
1394003
1394003
262006
262006
262006
262006
2033008
2033008
2033008
2033008
186001
186001
186001
186001
196001
196001
196001
196001
1147001
1147001
1147001
1147001
1944001
1944001
1944001
1944001
871001
871001
871001
871001
1033001
1033001
1033001
1033001
2386001
2386001
2386001
2386001
179001
179001
179001
179001
1611002
1611002
1611002
1611002
1135001
1135001
1135001
1135001
447016
447016
447016
447016
1556004
1556004
1556004
1556004
2481002
2481002
2481002
2481002
18011
18011
18011
18011
716001
716001
716001
716001
977001
977001
977001
977001
591001
591001
591001
591001
2519001
2519001
2519001
2519001
16001
16001
16001
16001
1108001
1108001
1108001
1108001
1256001
1256001
1256001
1256001
2523003
2523003
2523003
2523003
1313001
1313001
1313001
1313001
893013
893013
893013
893013
1521001
1521001
1521001
1521001
2167001
2167001
2167001
2167001
1832001
1832001
1832001
1832001
1110001
1110001
1110001
1110001
1450001
1450001
1450001
1450001
175021
175021
175021
175021
674001
674001
674001
674001
815001
815001
815001
815001
808004
808004
808004
808004
1202001
1202001
1202001
1202001
1142001
1142001
1142001
1142001
15006
15006
15006
15006
85001
85001
85001
85001
2476001
2476001
2476001
2476001
1942001
1942001
1942001
1942001
968001
968001
968001
968001
576004
576004
576004
576004
1100001
1100001
1100001
1100001
138010
138010
138010
138010
17001
17001
17001
17001
2148002
2148002
2148002
2148002
472001
472001
472001
472001
1426018
1426018
1426018
1426018
1203001
1203001
1203001
1203001
222001
222001
222001
222001
645001
645001
645001
645001
534004
534004
534004
534004
1280001
1280001
1280001
1280001
563001
563001
563001
563001
694001
694001
694001
694001
1308002
1308002
1308002
1308002
1805005
1805005
1805005
1805005
1241001
1241001
1241001
1241001
940001
940001
940001
940001
468001
468001
468001
468001
955001
955001
955001
955001
33001
33001
33001
33001
94001
94001
94001
94001
1461001
1461001
1461001
1461001
588001
588001
588001
588001
251001
251001
251001
251001
1106001
1106001
1106001
1106001
699001
699001
699001
699001
959001
959001
959001
959001
68001
68001
68001
68001
1806001
1806001
1806001
1806001
1852001
1852001
1852001
1852001
128001
128001
128001
128001
2487002
2487002
2487002
2487002
541001
541001
541001
541001
2497001
2497001
2497001
2497001
1475001
1475001
1475001
1475001
2487001
2487001
2487001
2487001
207007
207007
207007
207007
1102009
1102009
1102009
1102009
